1 42738U 17028A   25001.55801115 -.00000089  00000-0  00000+0 0  9993
2 42738  40.2551 250.8953 0754665 269.6658 283.4623  1.00279451 27792
1 42738U 17028A   25001.55801115 -.00000089  00000-0  00000-0 0  9994
2 42738  40.2551 250.8953 0754665 269.6658 283.4623  1.00279451  2290
1 42738U 17028A   25002.38472461 -.00000093  00000-0  00000-0 0  9999
2 42738  40.2537 250.8833 0754538 269.6754 221.9141  1.00279238  2304
1 42738U 17028A   25003.51836978 -.00000101  00000-0  00000-0 0  9992
2 42738  40.2518 250.8668 0754370 269.6884 271.1707  1.00278942  2314
1 42738U 17028A   25005.51939412 -.00000112  00000-0  00000+0 0  9992
2 42738  40.2485 250.8379 0754094 269.7116 273.5563  1.00278418 27836
1 42738U 17028A   25005.51939412 -.00000112  00000-0  00000-0 0  9993
2 42738  40.2485 250.8379 0754094 269.7116 273.5563  1.00278418  2334
1 42738U 17028A   25006.52476899 -.00000114  00000-0  00000+0 0  9991
2 42738  40.2469 250.8233 0753953 269.7229 276.5036  1.00278154 27841
1 42738U 17028A   25006.52476899 -.00000114  00000-0  00000-0 0  9992
2 42738  40.2469 250.8233 0753953 269.7229 276.5036  1.00278154  2349
1 42738U 17028A   25007.46157584 -.00000113  00000-0  00000-0 0  9992
2 42738  40.2454 250.8097 0753816 269.7332 254.6968  1.00277909  2353
1 42738U 17028A   25008.45299021 -.00000111  00000-0  00000+0 0  9992
2 42738  40.2438 250.7953 0753667 269.7438 252.6031  1.00277652 27863
1 42738U 17028A   25008.45299021 -.00000111  00000-0  00000-0 0  9993
2 42738  40.2438 250.7953 0753667 269.7438 252.6031  1.00277652  2361
1 42738U 17028A   25008.53243980 -.00000111  00000-0  00000-0 0  9995
2 42738  40.2437 250.7942 0753653 269.7451 281.2844  1.00277630  2364
1 42738U 17028A   25010.52276093 -.00000110  00000-0  00000+0 0  9996
2 42738  40.2404 250.7652 0753341 269.7660 279.7993  1.00277116 27882
1 42738U 17028A   25010.52276093 -.00000110  00000-0  00000-0 0  9997
2 42738  40.2404 250.7652 0753341 269.7660 279.7993  1.00277116  2380
1 42738U 17028A   25011.53327932 -.00000113  00000-0  00000+0 0  9990
2 42738  40.2388 250.7505 0753182 269.7760 284.6001  1.00276855 27899
1 42738U 17028A   25011.53327932 -.00000113  00000-0  00000-0 0  9991
2 42738  40.2388 250.7505 0753182 269.7760 284.6001  1.00276855  2397
1 42738U 17028A   25012.52202199 -.00000119  00000-0  00000-0 0  9994
2 42738  40.2372 250.7360 0753024 269.7853 281.5395  1.00276602  2401
1 42738U 17028A   25013.51577036 -.00000127  00000-0  00000-0 0  9998
2 42738  40.2357 250.7214 0752867 269.7946 280.2849  1.00276345  2414
1 42738U 17028A   25015.49164850 -.00000140  00000-0  00000-0 0  9998
2 42738  40.2326 250.6924 0752550 269.8129 273.5785  1.00275835  2439
1 42738U 17028A   25016.49181802 -.00000142  00000-0  00000+0 0  9996
2 42738  40.2311 250.6777 0752372 269.8218 274.6392  1.00275570 27945
1 42738U 17028A   25016.49181802 -.00000142  00000-0  00000-0 0  9997
2 42738  40.2311 250.6777 0752372 269.8218 274.6392  1.00275570  2443
1 42738U 17028A   25018.49228587 -.00000135  00000-0  00000+0 0  9992
2 42738  40.2279 250.6483 0752033 269.8418 276.8020  1.00275045 27969
1 42738U 17028A   25018.49228587 -.00000135  00000-0  00000-0 0  9993
2 42738  40.2279 250.6483 0752033 269.8418 276.8020  1.00275045  2467
1 42738U 17028A   25019.49247865 -.00000127  00000-0  00000+0 0  9994
2 42738  40.2263 250.6336 0751862 269.8518 277.8672  1.00274786 27975
1 42738U 17028A   25019.49247865 -.00000127  00000-0  00000-0 0  9995
2 42738  40.2263 250.6336 0751862 269.8518 277.8672  1.00274786  2473
1 42738U 17028A   25020.49261943 -.00000117  00000-0  00000+0 0  9998
2 42738  40.2247 250.6188 0751691 269.8615 278.9128  1.00274523 27988
1 42738U 17028A   25020.49261943 -.00000117  00000-0  00000-0 0  9999
2 42738  40.2247 250.6188 0751691 269.8615 278.9128  1.00274523  2486
1 42738U 17028A   25021.48717346 -.00000106  00000-0  00000-0 0  9990
2 42738  40.2231 250.6042 0751513 269.8709 277.9408  1.00274262  2496
1 42738U 17028A   25025.43799378 -.00000067  00000-0  00000+0 0  9999
2 42738  40.2170 250.5460 0750925 269.9134 264.1493  1.00273239 28033
1 42738U 17028A   25025.43799378 -.00000067  00000-0  00000-0 0  9990
2 42738  40.2170 250.5460 0750925 269.9134 264.1493  1.00273239  2530
1 42738U 17028A   25028.92654844 -.00000064  00000-0  00000+0 0  9991
2 42738  40.2116 250.4951 0750403 269.9529  83.4709  1.00272338 28071
1 42738U 17028A   25028.92654844 -.00000064  00000-0  00000-0 0  9992
2 42738  40.2116 250.4951 0750403 269.9529  83.4709  1.00272338  2578
1 42738U 17028A   25029.92681436 -.00000070  00000-0  00000+0 0  9996
2 42738  40.2101 250.4806 0750264 269.9638  84.5521  1.00272082 28081
1 42738U 17028A   25029.92681436 -.00000070  00000-0  00000-0 0  9997
2 42738  40.2101 250.4806 0750264 269.9638  84.5521  1.00272082  2588
1 42738U 17028A   25030.92697792 -.00000078  00000-0  00000+0 0  9998
2 42738  40.2085 250.4662 0750134 269.9748  85.5951  1.00271822 28090
1 42738U 17028A   25030.92697792 -.00000078  00000-0  00000-0 0  9999
2 42738  40.2085 250.4662 0750134 269.9748  85.5951  1.00271822  2597
1 42738U 17028A   25035.45162236 -.00000096  00000-0  00000+0 0  9991
2 42738  40.2016 250.4007 0749542 270.0222 278.9118  1.00270646 28139
1 42738U 17028A   25035.45162236 -.00000096  00000-0  00000-0 0  9992
2 42738  40.2016 250.4007 0749542 270.0222 278.9118  1.00270646  2636
1 42738U 17028A   25037.36323678 -.00000097  00000-0  00000+0 0  9993
2 42738  40.1986 250.3729 0749268 270.0410 248.9664  1.00270149 28151
1 42738U 17028A   25037.36323678 -.00000097  00000-0  00000-0 0  9994
2 42738  40.1986 250.3729 0749268 270.0410 248.9664  1.00270149  2658
1 42738U 17028A   25043.42544220 -.00000143  00000-0  00000+0 0  9997
2 42738  40.1895 250.2843 0748357 270.0922 277.2865  1.00268579 28211
1 42738U 17028A   25043.42544220 -.00000143  00000-0  00000-0 0  9998
2 42738  40.1895 250.2843 0748357 270.0922 277.2865  1.00268579  2718
1 42738U 17028A   25044.42555634 -.00000144  00000-0  00000+0 0  9990
2 42738  40.1880 250.2696 0748202 270.1013 278.3009  1.00268317 28225
1 42738U 17028A   25044.42555634 -.00000144  00000-0  00000-0 0  9991
2 42738  40.1880 250.2696 0748202 270.1013 278.3009  1.00268317  2722
1 42738U 17028A   25047.41715853 -.00000129  00000-0  00000+0 0  9996
2 42738  40.1835 250.2259 0747730 270.1290 278.1828  1.00267532 28250
1 42738U 17028A   25047.41715853 -.00000129  00000-0  00000-0 0  9997
2 42738  40.1835 250.2259 0747730 270.1290 278.1828  1.00267532  2757
1 42738U 17028A   25048.39280929 -.00000120  00000-0  00000-0 0  9997
2 42738  40.1820 250.2116 0747583 270.1381 270.3626  1.00267277  2767
1 42738U 17028A   25052.38242153 -.00000087  00000-0  00000+0 0  9999
2 42738  40.1759 250.1532 0747040 270.1779 270.4779  1.00266242 28307
1 42738U 17028A   25052.38242153 -.00000087  00000-0  00000-0 0  9990
2 42738  40.1759 250.1532 0747040 270.1779 270.4779  1.00266242  2804
1 42738U 17028A   25053.85849132 -.00000081  00000-0  00000+0 0  9996
2 42738  40.1737 250.1317 0746846 270.1958  83.2822  1.00265859 28320
1 42738U 17028A   25053.85849132 -.00000081  00000-0  00000-0 0  9997
2 42738  40.1737 250.1317 0746846 270.1958  83.2822  1.00265859  2827
1 42738U 17028A   25054.85852378 -.00000081  00000-0  00000+0 0  9993
2 42738  40.1722 250.1172 0746707 270.2060  84.2562  1.00265599 28338
1 42738U 17028A   25054.85852378 -.00000081  00000-0  00000-0 0  9994
2 42738  40.1722 250.1172 0746707 270.2060  84.2562  1.00265599  2835
1 42738U 17028A   25055.35607803 -.00000082  00000-0  00000-0 0  9992
2 42738  40.1714 250.1100 0746638 270.2111 263.8542  1.00265471  2839
1 42738U 17028A   25055.85858819 -.00000084  00000-0  00000+0 0  9993
2 42738  40.1706 250.1028 0746571 270.2163  85.2408  1.00265339 28346
1 42738U 17028A   25055.85858819 -.00000084  00000-0  00000-0 0  9994
2 42738  40.1706 250.1028 0746571 270.2163  85.2408  1.00265339  2843
1 42738U 17028A   25057.36850524 -.00000096  00000-0  00000+0 0  9999
2 42738  40.1683 250.0810 0746380 270.2306 270.2620  1.00264945 28350
1 42738U 17028A   25057.36850524 -.00000096  00000-0  00000-0 0  9990
2 42738  40.1683 250.0810 0746380 270.2306 270.2620  1.00264945  2857
1 42738U 17028A   25059.24370087 -.00000113  00000-0  00000+0 0  9999
2 42738  40.1655 250.0540 0746165 270.2490 227.1313  1.00264452 28379
1 42738U 17028A   25059.24370087 -.00000113  00000-0  00000-0 0  9990
2 42738  40.1655 250.0540 0746165 270.2490 227.1313  1.00264452  2876
1 42738U 17028A   25061.83100253 -.00000127  00000-0  00000+0 0  9998
2 42738  40.1616 250.0168 0745867 270.2730  81.0383  1.00263772 28409
1 42738U 17028A   25061.83100253 -.00000127  00000-0  00000-0 0  9999
2 42738  40.1616 250.0168 0745867 270.2730  81.0383  1.00263772  2906
1 42738U 17028A   25068.35739245 -.00000165  00000-0  00000+0 0  9993
2 42738  40.1519 249.9227 0745029 270.3287 276.7670  1.00262050 28468
1 42738U 17028A   25068.35739245 -.00000165  00000-0  00000-0 0  9994
2 42738  40.1519 249.9227 0745029 270.3287 276.7670  1.00262050  2965
1 42738U 17028A   25069.35454321 -.00000176  00000-0  00000-0 0  9996
2 42738  40.1504 249.9082 0744901 270.3362 276.6901  1.00261787  2973
1 42738U 17028A   25070.35448091 -.00000184  00000-0  00000+0 0  9993
2 42738  40.1489 249.8937 0744768 270.3439 277.6179  1.00261520 28486
1 42738U 17028A   25070.35448091 -.00000184  00000-0  00000-0 0  9994
2 42738  40.1489 249.8937 0744768 270.3439 277.6179  1.00261520  2983
1 42738U 17028A   25071.35406450 -.00000189  00000-0  00000-0 0  9993
2 42738  40.1474 249.8792 0744630 270.3519 278.4165  1.00261252  2990
1 42738U 17028A   25072.31711470 -.00000190  00000-0  00000+0 0  9992
2 42738  40.1460 249.8652 0744491 270.3597 266.0274  1.00260994 28502
1 42738U 17028A   25072.31711470 -.00000190  00000-0  00000-0 0  9993
2 42738  40.1460 249.8652 0744491 270.3597 266.0274  1.00260994  3000
1 42738U 17028A   25073.35374209 -.00000187  00000-0  00000-0 0  9999
2 42738  40.1443 249.8503 0744340 270.3685 280.1943  1.00260714  3018
1 42738U 17028A   25074.35348962 -.00000181  00000-0  00000-0 0  9991
2 42738  40.1426 249.8358 0744197 270.3765 281.0491  1.00260444  3025
1 42738U 17028A   25074.78570896 -.00000177  00000-0  00000+0 0  9995
2 42738  40.1419 249.8295 0744140 270.3804  77.0563  1.00260328 28525
1 42738U 17028A   25074.78570896 -.00000177  00000-0  00000-0 0  9996
2 42738  40.1419 249.8295 0744140 270.3804  77.0563  1.00260328  3023
1 42738U 17028A   25076.35315530 -.00000164  00000-0  00000+0 0  9998
2 42738  40.1394 249.8067 0743933 270.3922 282.8176  1.00259907 28543
1 42738U 17028A   25076.35315530 -.00000164  00000-0  00000-0 0  9999
2 42738  40.1394 249.8067 0743933 270.3922 282.8176  1.00259907  3041
1 42738U 17028A   25079.78475454 -.00000139  00000-0  00000+0 0  9992
2 42738  40.1341 249.7569 0743534 270.4235  81.4216  1.00258989 28587
1 42738U 17028A   25080.78455306 -.00000135  00000-0  00000-0 0  9995
2 42738  40.1326 249.7425 0743422 270.4331  82.2870  1.00258723  3094
1 42738U 17028A   25083.29697565 -.00000139  00000-0  00000+0 0  9992
2 42738  40.1287 249.7063 0743120 270.4599 269.1095  1.00258051 28613
1 42738U 17028A   25083.29697565 -.00000139  00000-0  00000-0 0  9993
2 42738  40.1287 249.7063 0743120 270.4599 269.1095  1.00258051  3111
1 42738U 17028A   25083.75044639 -.00000142  00000-0  00000-0 0  9996
2 42738  40.1280 249.6998 0743074 270.4644  72.7830  1.00257929  3117
1 42738U 17028A   25084.29072753 -.00000146  00000-0  00000-0 0  9998
2 42738  40.1272 249.6920 0743015 270.4691 267.7898  1.00257784  3120
1 42738U 17028A   25084.78376102 -.00000150  00000-0  00000+0 0  9991
2 42738  40.1263 249.6850 0742970 270.4733  85.7430  1.00257650 28633
1 42738U 17028A   25084.78376102 -.00000150  00000-0  00000-0 0  9992
2 42738  40.1263 249.6850 0742970 270.4733  85.7430  1.00257650  3131
1 42738U 17028A   25085.30739413 -.00000155  00000-0  00000-0 0  9994
2 42738  40.1255 249.6774 0742916 270.4782 274.7400  1.00257508  3130
1 42738U 17028A   25087.23614281 -.00000172  00000-0  00000-0 0  9992
2 42738  40.1224 249.6499 0742739 270.4966 250.8886  1.00256982  3157
1 42738U 17028A   25088.30962311 -.00000178  00000-0  00000+0 0  9996
2 42738  40.1211 249.6346 0742635 270.5067 278.3415  1.00256688 28661
1 42738U 17028A   25088.30962311 -.00000178  00000-0  00000-0 0  9997
2 42738  40.1211 249.6346 0742635 270.5067 278.3415  1.00256688  3169
1 42738U 17028A   25089.30615384 -.00000181  00000-0  00000-0 0  9997
2 42738  40.1196 249.6204 0742540 270.5154 278.0206  1.00256415  3170
1 42738U 17028A   25090.75877927 -.00000182  00000-0  00000+0 0  9991
2 42738  40.1172 249.5999 0742396 270.5263  82.3188  1.00256021 28696
1 42738U 17028A   25091.30739520 -.00000183  00000-0  00000-0 0  9991
2 42738  40.1164 249.5921 0742339 270.5317 280.3294  1.00255869  3194
1 42738U 17028A   25093.29836262 -.00000193  00000-0  00000+0 0  9992
2 42738  40.1132 249.5637 0742113 270.5483 278.9257  1.00255318 28713
1 42738U 17028A   25093.29836262 -.00000193  00000-0  00000-0 0  9993
2 42738  40.1132 249.5637 0742113 270.5483 278.9257  1.00255318  3211
1 42738U 17028A   25094.27839153 -.00000203  00000-0  00000-0 0  9996
2 42738  40.1117 249.5497 0742005 270.5555 272.6453  1.00255047  3227
1 42738U 17028A   25095.29697490 -.00000214  00000-0  00000+0 0  9996
2 42738  40.1099 249.5351 0741889 270.5628 280.2794  1.00254767 28739
1 42738U 17028A   25095.29697490 -.00000214  00000-0  00000-0 0  9997
2 42738  40.1099 249.5351 0741889 270.5628 280.2794  1.00254767  3237
1 42738U 17028A   25096.27769394 -.00000226  00000-0  00000-0 0  9992
2 42738  40.1084 249.5210 0741784 270.5697 274.2462  1.00254495  3249
1 42738U 17028A   25097.27740659 -.00000236  00000-0  00000+0 0  9996
2 42738  40.1067 249.5067 0741675 270.5770 275.0671  1.00254218 28758
1 42738U 17028A   25097.27740659 -.00000236  00000-0  00000-0 0  9997
2 42738  40.1067 249.5067 0741675 270.5770 275.0671  1.00254218  3256
1 42738U 17028A   25098.27702113 -.00000242  00000-0  00000-0 0  9998
2 42738  40.1050 249.4923 0741562 270.5845 275.8512  1.00253939  3268
1 42738U 17028A   25098.73239212 -.00000243  00000-0  00000+0 0  9994
2 42738  40.1045 249.4858 0741517 270.5883  80.2046  1.00253811 28773
1 42738U 17028A   25098.73239212 -.00000243  00000-0  00000-0 0  9995
2 42738  40.1045 249.4858 0741517 270.5883  80.2046  1.00253811  3260
1 42738U 17028A   25100.27634245 -.00000242  00000-0  00000+0 0  9991
2 42738  40.1019 249.4636 0741329 270.5998 277.4490  1.00253374 28784
1 42738U 17028A   25100.27634245 -.00000242  00000-0  00000-0 0  9992
2 42738  40.1019 249.4636 0741329 270.5998 277.4490  1.00253374  3282
1 42738U 17028A   25101.27600663 -.00000236  00000-0  00000-0 0  9993
2 42738  40.1003 249.4492 0741205 270.6078 278.2472  1.00253090  3293
1 42738U 17028A   25102.27568796 -.00000229  00000-0  00000+0 0  9995
2 42738  40.0985 249.4347 0741076 270.6164 279.0502  1.00252807 28804
1 42738U 17028A   25102.27568796 -.00000229  00000-0  00000-0 0  9996
2 42738  40.0985 249.4347 0741076 270.6164 279.0502  1.00252807  3302
1 42738U 17028A   25103.27533204 -.00000220  00000-0  00000-0 0  9994
2 42738  40.0966 249.4203 0740970 270.6239 279.8397  1.00252525  3315
1 42738U 17028A   25104.27497762 -.00000210  00000-0  00000+0 0  9991
2 42738  40.0949 249.4058 0740864 270.6322 280.6280  1.00252241 28828
1 42738U 17028A   25104.70710207 -.00000207  00000-0  00000-0 0  9998
2 42738  40.0933 249.3995 0740834 270.6364  76.5883  1.00252124  3322
1 42738U 17028A   25105.27462627 -.00000202  00000-0  00000-0 0  9996
2 42738  40.0923 249.3913 0740780 270.6404 281.4169  1.00251963  3331
1 42738U 17028A   25106.27434970 -.00000194  00000-0  00000+0 0  9996
2 42738  40.0907 249.3768 0740685 270.6497 282.2302  1.00251679 28842
1 42738U 17028A   25106.27434970 -.00000194  00000-0  00000-0 0  9997
2 42738  40.0907 249.3768 0740685 270.6497 282.2302  1.00251679  3340
1 42738U 17028A   25107.27389104 -.00000187  00000-0  00000-0 0  9998
2 42738  40.0892 249.3624 0740588 270.6596 282.9762  1.00251395  3359
1 42738U 17028A   25107.71344649 -.00000185  00000-0  00000+0 0  9999
2 42738  40.0885 249.3560 0740559 270.6643  81.6164  1.00251273 28869
1 42738U 17028A   25107.71344649 -.00000185  00000-0  00000-0 0  9990
2 42738  40.0885 249.3560 0740559 270.6643  81.6164  1.00251273  3367
1 42738U 17028A   25109.21711492 -.00000181  00000-0  00000+0 0  9996
2 42738  40.0860 249.3344 0740414 270.6784 264.3056  1.00250845 28873
1 42738U 17028A   25109.70499514 -.00000181  00000-0  00000-0 0  9999
2 42738  40.0852 249.3274 0740376 270.6834  80.3858  1.00250706  3379
1 42738U 17028A   25110.70460034 -.00000184  00000-0  00000+0 0  9998
2 42738  40.0842 249.3132 0740287 270.6934  81.1514  1.00250421 28899
1 42738U 17028A   25110.70460034 -.00000184  00000-0  00000-0 0  9999
2 42738  40.0842 249.3132 0740287 270.6934  81.1514  1.00250421  3397
1 42738U 17028A   25111.21572471 -.00000187  00000-0  00000-0 0  9998
2 42738  40.0840 249.3058 0740198 270.7005 265.6186  1.00250304  3397
1 42738U 17028A   25111.70412071 -.00000190  00000-0  00000-0 0  9995
2 42738  40.0832 249.2988 0740157 270.7053  81.8842  1.00250162  3408
1 42738U 17028A   25112.21016994 -.00000194  00000-0  00000+0 0  9999
2 42738  40.0824 249.2916 0740117 270.7102 264.5206  1.00250014 28903
1 42738U 17028A   25112.21016994 -.00000194  00000-0  00000-0 0  9990
2 42738  40.0824 249.2916 0740117 270.7102 264.5206  1.00250014  3401
1 42738U 17028A   25112.70367228 -.00000198  00000-0  00000-0 0  9997
2 42738  40.0816 249.2846 0740082 270.7146  82.6292  1.00249872  3418
1 42738U 17028A   25113.70315624 -.00000206  00000-0  00000+0 0  9990
2 42738  40.0802 249.2704 0740017 270.7237  83.3491  1.00249585 28928
1 42738U 17028A   25113.70315624 -.00000206  00000-0  00000-0 0  9991
2 42738  40.0802 249.2704 0740017 270.7237  83.3491  1.00249585  3426
1 42738U 17028A   25114.70270683 -.00000212  00000-0  00000-0 0  9994
2 42738  40.0786 249.2562 0739945 270.7327  84.0922  1.00249296  3434
1 42738U 17028A   25115.69316741 -.00000216  00000-0  00000+0 0  9992
2 42738  40.0770 249.2421 0739873 270.7418  81.5535  1.00249006 28946
1 42738U 17028A   25115.69316741 -.00000216  00000-0  00000-0 0  9993
2 42738  40.0770 249.2421 0739873 270.7418  81.5535  1.00249006  3444
1 42738U 17028A   25116.21294784 -.00000217  00000-0  00000-0 0  9995
2 42738  40.0762 249.2347 0739823 270.7476 269.1429  1.00248853  3446
1 42738U 17028A   25126.00000000 -.00000258  00000-0  00000-0 0  9994
2 42738  40.0587 249.1013 0763375 268.7936 205.0972  1.00296378  3545
1 42738U 17028A   25126.19505183 -.00000271  00000-0  00000+0 0  9990
2 42738  40.0600 249.0918 0738919 270.8307 271.6695  1.00245883 29045
1 42738U 17028A   25134.64052885 -.00000183  00000-0  00000+0 0  9997
2 42738  40.0453 248.9739 0762541 268.8774  84.9010  1.00293143 29131
1 42738U 17028A   25134.64052885 -.00000183  00000-0  00000-0 0  9998
2 42738  40.0453 248.9739 0762541 268.8774  84.9010  1.00293143  3638
1 42738U 17028A   25135.74388834 -.00000176  00000-0  00000+0 0  9997
2 42738  40.0440 248.9580 0762430 268.8866 123.2831  1.00292894 29141
1 42738U 17028A   25136.18993885 -.00000174  00000-0  00000-0 0  9993
2 42738  40.0432 248.9515 0762388 268.8910 284.3342  1.00292772  3640
1 42738U 17028A   25136.62266889 -.00000173  00000-0  00000-0 0  9998
2 42738  40.0425 248.9453 0762350 268.8957  80.5753  1.00292661  3642
1 42738U 17028A   25140.53410390 -.00000184  00000-0  00000+0 0  9992
2 42738  40.0359 248.8889 0762085 268.9342  52.8305  1.00291615 29184
1 42738U 17028A   25140.53410390 -.00000184  00000-0  00000-0 0  9993
2 42738  40.0359 248.8889 0762085 268.9342  52.8305  1.00291615  3681
1 42738U 17028A   25141.60808596 -.00000189  00000-0  00000+0 0  9995
2 42738  40.0342 248.8735 0762019 268.9449  80.5977  1.00291318 29195
1 42738U 17028A   25141.60808596 -.00000189  00000-0  00000-0 0  9996
2 42738  40.0342 248.8735 0762019 268.9449  80.5977  1.00291318  3692
1 42738U 17028A   25142.61876419 -.00000191  00000-0  00000+0 0  9999
2 42738  40.0325 248.8590 0761958 268.9553  85.5077  1.00291043 29216
1 42738U 17028A   25142.61876419 -.00000191  00000-0  00000-0 0  9990
2 42738  40.0325 248.8590 0761958 268.9553  85.5077  1.00291043  3713
1 42738U 17028A   25145.59697492 -.00000188  00000-0  00000+0 0  9997
2 42738  40.0276 248.8162 0761748 268.9846  80.7996  1.00290227 29230
1 42738U 17028A   25145.59697492 -.00000188  00000-0  00000-0 0  9998
2 42738  40.0276 248.8162 0761748 268.9846  80.7996  1.00290227  3737
1 42738U 17028A   25147.59280816 -.00000190  00000-0  00000+0 0  9990
2 42738  40.0244 248.7874 0761603 269.0030  81.3976  1.00289683 29252
1 42738U 17028A   25147.59280816 -.00000190  00000-0  00000-0 0  9991
2 42738  40.0244 248.7874 0761603 269.0030  81.3976  1.00289683  3759
1 42738U 17028A   25150.55961169 -.00000212  00000-0  00000+0 0  9992
2 42738  40.0197 248.7445 0761376 269.0286  72.5599  1.00288881 29288
1 42738U 17028A   25150.55961169 -.00000212  00000-0  00000-0 0  9993
2 42738  40.0197 248.7445 0761376 269.0286  72.5599  1.00288881  3785
1 42738U 17028A   25152.60474677 -.00000226  00000-0  00000+0 0  9998
2 42738  40.0165 248.7148 0761192 269.0481  90.9484  1.00288347 29314
1 42738U 17028A   25152.60474677 -.00000226  00000-0  00000-0 0  9999
2 42738  40.0165 248.7148 0761192 269.0481  90.9484  1.00288347  3811
1 42738U 17028A   25155.50509424 -.00000216  00000-0  00000+0 0  9998
2 42738  40.0119 248.6727 0760115 269.0830  58.1014  1.00287584 29336
1 42738U 17028A   25156.58404830 -.00000205  00000-0  00000+0 0  9990
2 42738  40.0100 248.6569 0760859 269.0835  87.6489  1.00287340 29355
1 42738U 17028A   25156.58404830 -.00000205  00000-0  00000-0 0  9991
2 42738  40.0100 248.6569 0760859 269.0835  87.6489  1.00287340  3852
1 42738U 17028A   25157.53174166 -.00000194  00000-0  00000-0 0  9990
2 42738  40.0084 248.6430 0760786 269.0922  69.8046  1.00287084  3852
1 42738U 17028A   25158.53432228 -.00000181  00000-0  00000+0 0  9992
2 42738  40.0067 248.6284 0760756 269.1013  71.7756  1.00286816 29365
1 42738U 17028A   25158.53432228 -.00000181  00000-0  00000-0 0  9993
2 42738  40.0067 248.6284 0760756 269.1013  71.7756  1.00286816  3862
1 42738U 17028A   25162.53991926 -.00000139  00000-0  00000+0 0  9995
2 42738  40.0003 248.5695 0760451 269.1469  77.9375  1.00285762 29406
1 42738U 17028A   25162.53991926 -.00000139  00000-0  00000-0 0  9996
2 42738  40.0003 248.5695 0760451 269.1469  77.9375  1.00285762  3903
1 42738U 17028A   25163.56433731 -.00000133  00000-0  00000+0 0  9998
2 42738  39.9987 248.5545 0760301 269.1600  87.7854  1.00285494 29424
1 42738U 17028A   25164.53635750 -.00000131  00000-0  00000-0 0  9990
2 42738  39.9972 248.5403 0760207 269.1719  78.7151  1.00285240  3923
1 42738U 17028A   25166.54281079 -.00000134  00000-0  00000+0 0  9996
2 42738  39.9940 248.5111 0760042 269.1952  83.1058  1.00284714 29457
1 42738U 17028A   25167.55433701 -.00000138  00000-0  00000+0 0  9993
2 42738  39.9925 248.4964 0759768 269.2101  88.2958  1.00284456 29464
1 42738U 17028A   25170.53284031 -.00000146  00000-0  00000+0 0  9994
2 42738  39.9877 248.4533 0759558 269.2443  83.6178  1.00283671 29492
1 42738U 17028A   25170.53284031 -.00000146  00000-0  00000-0 0  9995
2 42738  39.9877 248.4533 0759558 269.2443  83.6178  1.00283671  3999
1 42738U 17028A   25172.51349089 -.00000142  00000-0  00000+0 0  9995
2 42738  39.9845 248.4248 0759217 269.2671  78.6858  1.00283181 29502
1 42738U 17028A   25172.51349089 -.00000142  00000-0  00000-0 0  9996
2 42738  39.9845 248.4248 0759217 269.2671  78.6858  1.00283181  4000
1 42738U 17028A   25173.47656846 -.00000140  00000-0  00000-0 0  9992
2 42738  39.9831 248.4108 0759051 269.2776  66.3816  1.00282933  4015
1 42738U 17028A   25174.48905998 -.00000141  00000-0  00000+0 0  9999
2 42738  39.9815 248.3961 0758975 269.2878  71.9160  1.00282672 29527
1 42738U 17028A   25174.48905998 -.00000141  00000-0  00000-0 0  9990
2 42738  39.9815 248.3961 0758975 269.2878  71.9160  1.00282672  4025
1 42738U 17028A   25174.53051818 -.00000141  00000-0  00000-0 0  9999
2 42738  39.9815 248.3955 0758833 269.2887  86.8847  1.00282696  4035
1 42738U 17028A   25175.52236027 -.00000145  00000-0  00000+0 0  9999
2 42738  39.9800 248.3811 0758568 269.3015  84.9625  1.00282442 29544
1 42738U 17028A   25175.52236027 -.00000145  00000-0  00000-0 0  9990
2 42738  39.9800 248.3811 0758568 269.3015  84.9625  1.00282442  4042
1 42738U 17028A   25176.52697468 -.00000153  00000-0  00000+0 0  9999
2 42738  39.9786 248.3665 0758365 269.3124  87.6518  1.00282186 29557
1 42738U 17028A   25176.52697468 -.00000153  00000-0  00000-0 0  9990
2 42738  39.9786 248.3665 0758365 269.3124  87.6518  1.00282186  4055
1 42738U 17028A   25178.51503312 -.00000171  00000-0  00000+0 0  9994
2 42738  39.9754 248.3374 0759073 269.3240  85.3817  1.00281672 29573
1 42738U 17028A   25178.51503312 -.00000171  00000-0  00000-0 0  9995
2 42738  39.9754 248.3374 0759073 269.3240  85.3817  1.00281672  4071
1 42738U 17028A   25179.47728293 -.00000177  00000-0  00000-0 0  9994
2 42738  39.9739 248.3233 0759075 269.3354  72.7702  1.00281423  4073
1 42738U 17028A   25180.51652994 -.00000180  00000-0  00000+0 0  9998
2 42738  39.9723 248.3081 0758959 269.3466  87.9573  1.00281157 29593
1 42738U 17028A   25180.51652994 -.00000180  00000-0  00000-0 0  9999
2 42738  39.9723 248.3081 0758959 269.3466  87.9573  1.00281157  4091
1 42738U 17028A   25181.51832042 -.00000178  00000-0  00000+0 0  9990
2 42738  39.9709 248.2935 0758862 269.3576  89.6204  1.00280896 29600
1 42738U 17028A   25181.51832042 -.00000178  00000-0  00000-0 0  9991
2 42738  39.9709 248.2935 0758862 269.3576  89.6204  1.00280896  4108
1 42738U 17028A   25182.46793522 -.00000173  00000-0  00000-0 0  9990
2 42738  39.9694 248.2796 0758746 269.3679  72.4466  1.00280648  4106
1 42738U 17028A   25183.47011836 -.00000164  00000-0  00000+0 0  9992
2 42738  39.9677 248.2649 0758624 269.3789  74.2498  1.00280388 29610
1 42738U 17028A   25183.47011836 -.00000164  00000-0  00000-0 0  9993
2 42738  39.9677 248.2649 0758624 269.3789  74.2498  1.00280388  4118
1 42738U 17028A   25184.45017162 -.00000153  00000-0  00000-0 0  9998
2 42738  39.9662 248.2505 0758525 269.3900  68.0622  1.00280132  4126
1 42738U 17028A   25185.02095569 -.00000146  00000-0  00000+0 0  9990
2 42738  39.9653 248.2421 0758460 269.3955 274.1235  1.00279983 29636
1 42738U 17028A   25185.02095569 -.00000146  00000-0  00000-0 0  9991
2 42738  39.9653 248.2421 0758460 269.3955 274.1235  1.00279983  4134
1 42738U 17028A   25186.02663799 -.00000134  00000-0  00000+0 0  9994
2 42738  39.9638 248.2272 0758410 269.4087 277.1844  1.00279662 29649
1 42738U 17028A   25186.02663799 -.00000134  00000-0  00000-0 0  9995
2 42738  39.9638 248.2272 0758410 269.4087 277.1844  1.00279662  4147
1 42738U 17028A   25186.47822672 -.00000129  00000-0  00000-0 0  9995
2 42738  39.9631 248.2205 0758396 269.4158  80.2114  1.00279560  4148
1 42738U 17028A   25187.01972690 -.00000123  00000-0  00000-0 0  9996
2 42738  39.9623 248.2126 0758348 269.4216 275.6993  1.00279419  4152
1 42738U 17028A   25188.01907597 -.00000112  00000-0  00000+0 0  9998
2 42738  39.9608 248.1978 0758264 269.4341 276.4734  1.00279161 29664
1 42738U 17028A   25188.01907597 -.00000112  00000-0  00000-0 0  9999
2 42738  39.9608 248.1978 0758264 269.4341 276.4734  1.00279161  4162
1 42738U 17028A   25189.48800204 -.00000099  00000-0  00000+0 0  9991
2 42738  39.9586 248.1762 0758141 269.4544  86.7654  1.00278785 29685
1 42738U 17028A   25189.48800204 -.00000099  00000-0  00000-0 0  9992
2 42738  39.9586 248.1762 0758141 269.4544  86.7654  1.00278785  4183
1 42738U 17028A   25190.48902021 -.00000092  00000-0  00000+0 0  9996
2 42738  39.9572 248.1614 0758047 269.4680  88.1387  1.00278533 29693
1 42738U 17028A   25190.48902021 -.00000092  00000-0  00000-0 0  9997
2 42738  39.9572 248.1614 0758047 269.4680  88.1387  1.00278533  4191
1 42738U 17028A   25191.48761672 -.00000089  00000-0  00000-0 0  9999
2 42738  39.9557 248.1468 0757957 269.4817  88.6368  1.00278279  4205
1 42738U 17028A   25192.45947691 -.00000088  00000-0  00000+0 0  9992
2 42738  39.9542 248.1326 0757868 269.4948  79.4822  1.00278031 29709
1 42738U 17028A   25192.45947691 -.00000088  00000-0  00000-0 0  9993
2 42738  39.9542 248.1326 0757868 269.4948  79.4822  1.00278031  4207
1 42738U 17028A   25193.46086397 -.00000090  00000-0  00000+0 0  9994
2 42738  39.9528 248.1180 0757779 269.5079  80.9865  1.00277775 29717
1 42738U 17028A   25193.46086397 -.00000090  00000-0  00000-0 0  9995
2 42738  39.9528 248.1180 0757779 269.5079  80.9865  1.00277775  4215
1 42738U 17028A   25194.00441625 -.00000092  00000-0  00000-0 0  9997
2 42738  39.9519 248.1101 0757727 269.5148 277.2109  1.00277638  4229
1 42738U 17028A   25195.01457153 -.00000097  00000-0  00000+0 0  9996
2 42738  39.9504 248.0954 0757647 269.5279 281.8793  1.00277378 29738
1 42738U 17028A   25195.44653683 -.00000099  00000-0  00000-0 0  9992
2 42738  39.9497 248.0891 0757618 269.5333  77.8197  1.00277268  4235
1 42738U 17028A   25196.44593441 -.00000103  00000-0  00000+0 0  9993
2 42738  39.9481 248.0746 0757545 269.5462  78.6035  1.00277010 29747
1 42738U 17028A   25196.44593441 -.00000103  00000-0  00000-0 0  9994
2 42738  39.9481 248.0746 0757545 269.5462  78.6035  1.00277010  4245
1 42738U 17028A   25197.44524718 -.00000105  00000-0  00000-0 0  9998
2 42738  39.9466 248.0601 0757470 269.5593  79.3558  1.00276753  4252
1 42738U 17028A   25198.01259920 -.00000106  00000-0  00000+0 0  9992
2 42738  39.9457 248.0518 0757424 269.5674 284.1691  1.00276605 29761
1 42738U 17028A   25198.44462611 -.00000105  00000-0  00000-0 0  9992
2 42738  39.9451 248.0456 0757391 269.5723  80.1311  1.00276496  4263
1 42738U 17028A   25200.44320480 -.00000102  00000-0  00000+0 0  9999
2 42738  39.9422 248.0165 0757210 269.5977  81.6154  1.00275987 29788
1 42738U 17028A   25200.44320480 -.00000103  00000-0  00000-0 0  9991
2 42738  39.9422 248.0165 0757210 269.5977  81.6154  1.00275987  4286
1 42738U 17028A   25201.44256781 -.00000103  00000-0  00000-0 0  9994
2 42738  39.9407 248.0019 0757109 269.6099  82.3833  1.00275733  4304
1 42738U 17028A   25201.97872242 -.00000105  00000-0  00000+0 0  9999
2 42738  39.9399 247.9941 0757054 269.6173 275.9326  1.00275596 29804
1 42738U 17028A   25202.44183784 -.00000107  00000-0  00000-0 0  9991
2 42738  39.9394 247.9874 0757017 269.6219  83.1168  1.00275479  4316
1 42738U 17028A   25204.44044510 -.00000124  00000-0  00000+0 0  9994
2 42738  39.9365 247.9582 0756816 269.6451  84.6059  1.00274970 29838
1 42738U 17028A   25204.44044510 -.00000124  00000-0  00000-0 0  9995
2 42738  39.9365 247.9582 0756816 269.6451  84.6059  1.00274970  4336
1 42738U 17028A   25205.43978481 -.00000135  00000-0  00000-0 0  9990
2 42738  39.9350 247.9436 0756714 269.6568  85.3619  1.00274714  4341
1 42738U 17028A   25215.94586278 -.00000088  00000-0  00000+0 0  9992
2 42738  39.9199 247.7897 0755475 269.7872 277.9301  1.00272027 29948
1 42738U 17028A   25215.94586278 -.00000088  00000-0  00000-0 0  9993
2 42738  39.9199 247.7897 0755475 269.7872 277.9301  1.00272027  4446
1 42738U 17028A   25218.92748758 -.00000075  00000-0  00000-0 0  9993
2 42738  39.9155 247.7460 0755144 269.8306 274.2355  1.00271271  4472
1 42738U 17028A   25218.92748758 -.00000075  00000-0  00000-0 0  9993
2 42738  39.9155 247.7460 0755144 269.8306 274.2355  1.00271271  4472
1 42738U 17028A   25219.92669547 -.00000076  00000-0  00000+0 0  9992
2 42738  39.9140 247.7314 0755040 269.8459 274.9267  1.00271019 29980
1 42738U 17028A   25220.92602292 -.00000079  00000-0  00000-0 0  9992
2 42738  39.9126 247.7169 0754932 269.8601 275.6611  1.00270764  4496
1 42738U 17028A   25221.92526612 -.00000085  00000-0  00000+0 0  9990
2 42738  39.9110 247.7024 0754827 269.8739 276.3646  1.00270508 30002
1 42738U 17028A   25221.92526612 -.00000085  00000-0  00000-0 0  9991
2 42738  39.9110 247.7024 0754827 269.8739 276.3646  1.00270508  4508
1 42738U 17028A   25222.92458689 -.00000091  00000-0  00000-0 0  9997
2 42738  39.9095 247.6879 0754728 269.8876 277.0956  1.00270252  4518
1 42738U 17028A   25223.89543573 -.00000095  00000-0  00000+0 0  9994
2 42738  39.9081 247.6739 0754638 269.9015 267.5476  1.00270003 30024
1 42738U 17028A   25223.89543573 -.00000095  00000-0  00000-0 0  9995
2 42738  39.9081 247.6739 0754638 269.9015 267.5476  1.00270003  4520
1 42738U 17028A   25224.92306491 -.00000099  00000-0  00000+0 0  9999
2 42738  39.9066 247.6590 0754536 269.9161 278.4950  1.00269739 30034
1 42738U 17028A   25224.92306491 -.00000099  00000-0  00000-0 0  9990
2 42738  39.9066 247.6590 0754536 269.9161 278.4950  1.00269739  4530
1 42738U 17028A   25225.92230597 -.00000100  00000-0  00000-0 0  9997
2 42738  39.9052 247.6445 0754433 269.9302 279.1942  1.00269481  4541
1 42738U 17028A   25226.92151319 -.00000100  00000-0  00000+0 0  9991
2 42738  39.9039 247.6300 0754327 269.9447 279.8800  1.00269225 30059
1 42738U 17028A   25226.92151319 -.00000100  00000-0  00000-0 0  9992
2 42738  39.9039 247.6300 0754327 269.9447 279.8800  1.00269225  4555
1 42738U 17028A   25227.92079008 -.00000100  00000-0  00000-0 0  9997
2 42738  39.9025 247.6155 0754210 269.9582 280.5910  1.00268967  4563
1 42738U 17028A   25228.35272137 -.00000101  00000-0  00000+0 0  9993
2 42738  39.9020 247.6092 0754188 269.9649  76.5054  1.00268861 30065
1 42738U 17028A   25228.35272137 -.00000101  00000-0  00000-0 0  9994
2 42738  39.9020 247.6092 0754188 269.9649  76.5054  1.00268861  4561
1 42738U 17028A   25229.35189830 -.00000105  00000-0  00000-0 0  9996
2 42738  39.9006 247.5947 0754077 269.9774  77.1803  1.00268609  4579
1 42738U 17028A   25229.91921816 -.00000108  00000-0  00000+0 0  9998
2 42738  39.8998 247.5865 0754006 269.9856 281.9653  1.00268464 30082
1 42738U 17028A   25229.91921816 -.00000108  00000-0  00000-0 0  9999
2 42738  39.8998 247.5865 0754006 269.9856 281.9653  1.00268464  4588
1 42738U 17028A   25230.35118355 -.00000112  00000-0  00000-0 0  9990
2 42738  39.8992 247.5802 0753956 269.9902  77.8929  1.00268353  4583
1 42738U 17028A   25231.35392155 -.00000123  00000-0  00000+0 0  9994
2 42738  39.8975 247.5656 0753828 270.0036  79.8501  1.00268096 30097
1 42738U 17028A   25231.35392155 -.00000123  00000-0  00000-0 0  9995
2 42738  39.8975 247.5656 0753828 270.0036  79.8501  1.00268096  4593
1 42738U 17028A   25231.91761207 -.00000130  00000-0  00000-0 0  9993
2 42738  39.8969 247.5574 0753757 270.0109 283.3248  1.00267952  4609
1 42738U 17028A   25232.34960243 -.00000135  00000-0  00000-0 0  9997
2 42738  39.8963 247.5511 0753705 270.0157  79.2603  1.00267841  4604
1 42738U 17028A   25234.34800721 -.00000157  00000-0  00000-0 0  9997
2 42738  39.8936 247.5220 0753442 270.0406  80.6192  1.00267325  4624
1 42738U 17028A   25235.34725200 -.00000162  00000-0  00000-0 0  9992
2 42738  39.8922 247.5074 0753301 270.0556  81.3099  1.00267066  4644
1 42738U 17028A   25236.34651160 -.00000162  00000-0  00000-0 0  9996
2 42738  39.8908 247.4928 0753156 270.0685  82.0069  1.00266804  4651
1 42738U 17028A   25236.88654553 -.00000161  00000-0  00000-0 0  9993
2 42738  39.8900 247.4850 0753076 270.0751 276.9399  1.00266663  4655
1 42738U 17028A   25237.34570321 -.00000159  00000-0  00000-0 0  9992
2 42738  39.8893 247.4783 0753008 270.0812  82.6786  1.00266541  4662
1 42738U 17028A   25242.34178654 -.00000118  00000-0  00000-0 0  9996
2 42738  39.8818 247.4053 0752320 270.1493  86.0631  1.00265237  4715
1 42738U 17028A   25244.85519999 -.00000104  00000-0  00000-0 0  9990
2 42738  39.8779 247.3686 0751989 270.1881 273.2906  1.00264586  4736
1 42738U 17028A   25245.88391543 -.00000102  00000-0  00000-0 0  9995
2 42738  39.8764 247.3537 0751851 270.2006 284.6114  1.00264319  4745
1 42738U 17028A   25247.82762385 -.00000106  00000-0  00000-0 0  9991
2 42738  39.8734 247.3256 0751593 270.2291 266.1970  1.00263811  4762
1 42738U 17028A   25249.83828609 -.00000118  00000-0  00000-0 0  9999
2 42738  39.8703 247.2966 0751344 270.2583 271.9465  1.00263283  4781
1 42738U 17028A   25250.86305580 -.00000125  00000-0  00000-0 0  9990
2 42738  39.8689 247.2819 0751222 270.2731 281.8364  1.00263012  4790
1 42738U 17028A   25251.85262610 -.00000130  00000-0  00000-0 0  9992
2 42738  39.8674 247.2676 0751101 270.2879 279.0197  1.00262750  4807
1 42738U 17028A   25253.82115252 -.00000134  00000-0  00000-0 0  9994
2 42738  39.8643 247.2393 0750852 270.3152 269.5548  1.00262227  4821
1 42738U 17028A   25254.80314778 -.00000135  00000-0  00000-0 0  9998
2 42738  39.8629 247.2251 0750720 270.3285 264.0028  1.00261966  4832
1 42738U 17028A   25255.82776676 -.00000137  00000-0  00000-0 0  9992
2 42738  39.8614 247.2104 0750574 270.3423 273.8347  1.00261694  4845
1 42738U 17028A   25256.86052437 -.00000143  00000-0  00000-0 0  9996
2 42738  39.8598 247.1955 0750422 270.3560 286.6035  1.00261419  4855
1 42738U 17028A   25257.82595834 -.00000152  00000-0  00000-0 0  9996
2 42738  39.8585 247.1816 0750280 270.3686 275.0714  1.00261162  4860
1 42738U 17028A   25258.28184867 -.00000157  00000-0  00000-0 0  9992
2 42738  39.8578 247.1750 0750212 270.3734  79.6232  1.00261040  4866
1 42738U 17028A   25258.82507705 -.00000164  00000-0  00000-0 0  9990
2 42738  39.8571 247.1671 0750132 270.3808 275.6974  1.00260896  4874
1 42738U 17028A   25259.82423307 -.00000178  00000-0  00000-0 0  9991
2 42738  39.8556 247.1527 0749986 270.3928 276.3361  1.00260630  4880
1 42738U 17028A   25260.82334392 -.00000191  00000-0  00000-0 0  9993
2 42738  39.8542 247.1382 0749838 270.4048 276.9574  1.00260363  4890
1 42738U 17028A   25261.22212598 -.00000195  00000-0  00000-0 0  9995
2 42738  39.8537 247.1324 0749761 270.4124  60.8915  1.00260253  4897
1 42738U 17028A   25261.82245889 -.00000200  00000-0  00000-0 0  9997
2 42738  39.8528 247.1237 0749670 270.4197 277.5762  1.00260093  4900
1 42738U 17028A   25262.27822462 -.00000204  00000-0  00000-0 0  9999
2 42738  39.8521 247.1171 0749596 270.4257  82.0798  1.00259968  4912
1 42738U 17028A   25262.82152941 -.00000206  00000-0  00000-0 0  9990
2 42738  39.8513 247.1092 0749509 270.4324 278.1801  1.00259822  4916
1 42738U 17028A   25265.26919772 -.00000201  00000-0  00000-0 0  9999
2 42738  39.8475 247.0737 0749093 270.4651  81.6338  1.00259150  4948
1 42738U 17028A   25266.81795146 -.00000189  00000-0  00000-0 0  9993
2 42738  39.8450 247.0512 0748837 270.4856 280.6333  1.00258727  4950
1 42738U 17028A   25267.81705916 -.00000181  00000-0  00000-0 0  9992
2 42738  39.8434 247.0367 0748677 270.4990 281.2449  1.00258454  4964
1 42738U 17028A   25268.25113912 -.00000177  00000-0  00000-0 0  9995
2 42738  39.8427 247.0303 0748610 270.5055  77.9179  1.00258336  4965
1 42738U 17028A   25268.81609736 -.00000173  00000-0  00000-0 0  9997
2 42738  39.8418 247.0221 0748528 270.5122 281.8306  1.00258182  4975
1 42738U 17028A   25270.81418378 -.00000159  00000-0  00000-0 0  9994
2 42738  39.8386 246.9930 0748231 270.5409 283.0002  1.00257640  4990
1 42738U 17028A   25279.74874642 -.00000180  00000-0  00000-0 0  9999
2 42738  39.8244 246.8643 0746993 270.6604 267.7154  1.00255183  5082
1 42738U 17028A   25282.76155948 -.00000184  00000-0  00000+0 0  9999
2 42738  39.8199 246.8210 0746535 270.7032 275.0984  1.00254335  5114
1 42738U 17028A   25282.76155949 -.00000184  00000-0  00000-0 0  9991
2 42738  39.8199 246.8210 0746535 270.7032 275.0984  1.00254335  5114
1 42738U 17028A   25283.77650911 -.00000187  00000-0  00000+0 0  9994
2 42738  39.8179 246.8064 0746381 270.7197 281.4091  1.00254041  5125
1 42738U 17028A   25283.77650912 -.00000187  00000-0  00000-0 0  9996
2 42738  39.8179 246.8064 0746381 270.7197 281.4091  1.00254041  5125
1 42738U 17028A   25284.74349091 -.00000195  00000-0  00000-0 0  9996
2 42738  39.8163 246.7925 0746234 270.7313 270.4109  1.00253768  5134
1 42738U 17028A   25286.21655800 -.00000211  00000-0  00000-0 0  9997
2 42738  39.8146 246.7713 0745902 270.7558  82.0588  1.00253339  5156
1 42738U 17028A   25286.75877957 -.00000219  00000-0  00000-0 0  9993
2 42738  39.8138 246.7634 0745812 270.7631 277.7546  1.00253187  5159
1 42738U 17028A   25288.75530839 -.00000243  00000-0  00000+0 0  9996
2 42738  39.8100 246.7347 0745504 270.7879 278.3309  1.00252620  5178
1 42738U 17028A   25288.75530840 -.00000243  00000-0  00000-0 0  9999
2 42738  39.8100 246.7347 0745504 270.7879 278.3309  1.00252620  5178
1 42738U 17028A   25289.74712713 -.00000250  00000-0  00000+0 0  9997
2 42738  39.8083 246.7203 0745330 270.8002 276.2910  1.00252335  5184
1 42738U 17028A   25289.74712713 -.00000250  00000-0  00000-0 0  9998
2 42738  39.8083 246.7203 0745330 270.8002 276.2910  1.00252335  5184
1 42738U 17028A   25291.20530907 -.00000252  00000-0  00000-0 0  9997
2 42738  39.8063 246.6992 0745067 270.8189  82.5649  1.00251910  5207
1 42738U 17028A   25291.65229300 -.00000250  00000-0  00000-0 0  9996
2 42738  39.8062 246.6926 0744989 270.8236 243.8868  1.00251779  5206
1 42738U 17028A   25293.74504251 -.00000236  00000-0  00000+0 0  9992
2 42738  39.8027 246.6621 0744607 270.8502 279.1779  1.00251149  5228
1 42738U 17028A   25293.74504252 -.00000236  00000-0  00000-0 0  9994
2 42738  39.8027 246.6621 0744607 270.8502 279.1779  1.00251149  5228
1 42738U 17028A   25297.71631678 -.00000202  00000-0  00000+0 0  9990
2 42738  39.7961 246.6040 0743956 270.9031 272.4302  1.00249992  5268
1 42738U 17028A   25297.71631679 -.00000202  00000-0  00000-0 0  9992
2 42738  39.7961 246.6040 0743956 270.9032 272.4302  1.00249992  5269
1 42738U 17028A   25312.69988113 -.00000203  00000-0  00000-0 0  9996
2 42738  39.7703 246.3813 0763200 269.0787 284.6873  1.00292345  5413
1 42738U 17028A   25317.67672846 -.00000243  00000-0  00000+0 0  9995
2 42738  39.7622 246.3090 0762361 269.1324 281.6068  1.00290964  5468
1 42738U 17028A   25317.67672847 -.00000243  00000-0  00000-0 0  9997
2 42738  39.7622 246.3090 0762361 269.1324 281.6069  1.00290964  5469
1 42738U 17028A   25323.59244385 -.00000192  00000-0  00000-0 0  9990
2 42738  39.7520 246.2223 0761343 269.1921 257.4790  1.00289305  5521
1 42738U 17028A   25323.65878014 -.00000191  00000-0  00000+0 0  9997
2 42738  39.7519 246.2213 0761332 269.1933 281.4289  1.00289285  5526
1 42738U 17028A   25323.65878015 -.00000191  00000-0  00000-0 0  9999
2 42738  39.7519 246.2213 0761332 269.1933 281.4289  1.00289285  5526
1 42738U 17028A   25326.51976505 -.00000166  00000-0  00000+0 0  9991
2 42738  39.7473 246.1790 0760863 269.2288 234.3701  1.00288510  5555
1 42738U 17028A   25326.51976505 -.00000166  00000-0  00000-0 0  9992
2 42738  39.7473 246.1790 0760863 269.2288 234.3701  1.00288510  5555
1 42738U 17028A   25327.49686052 -.00000160  00000-0  00000+0 0  9998
2 42738  39.7457 246.1646 0760695 269.2417 227.1417  1.00288248  5567
1 42738U 17028A   25327.49686053 -.00000160  00000-0  00000-0 0  9990
2 42738  39.7457 246.1646 0760695 269.2417 227.1417  1.00288248  5567
1 42738U 17028A   25328.51699041 -.00000156  00000-0  00000+0 0  9999
2 42738  39.7438 246.1499 0760299 269.2661 235.4349  1.00287918  5573
1 42738U 17028A   25328.51699041 -.00000156  00000-0  00000-0 0  9990
2 42738  39.7438 246.1499 0760299 269.2661 235.4349  1.00287918  5573
1 42738U 17028A   25330.63725339 -.00000156  00000-0  00000+0 0  9995
2 42738  39.7408 246.1183 0760191 269.2964 280.9315  1.00287369  5597
1 42738U 17028A   25330.63725340 -.00000156  00000-0  00000-0 0  9998
2 42738  39.7408 246.1183 0760191 269.2964 280.9315  1.00287369  5597
1 42738U 17028A   25333.62753066 -.00000160  00000-0  00000+0 0  9990
2 42738  39.7358 246.0747 0759726 269.3342 280.5316  1.00286520  5628
1 42738U 17028A   25333.62753067 -.00000160  00000-0  00000-0 0  9992
2 42738  39.7358 246.0747 0759726 269.3342 280.5316  1.00286520  5628
1 42738U 17028A   25336.60094166 -.00000154  00000-0  00000+0 0  9993
2 42738  39.7306 246.0318 0759220 269.3692 274.0368  1.00285720  5651
1 42738U 17028A   25336.60094166 -.00000154  00000-0  00000-0 0  9994
2 42738  39.7306 246.0318 0759220 269.3692 274.0368  1.00285720  5651
1 42738U 17028A   25337.59963597 -.00000152  00000-0  00000+0 0  9993
2 42738  39.7290 246.0173 0759039 269.3809 274.5986  1.00285452  5664
1 42738U 17028A   25337.59963598 -.00000152  00000-0  00000-0 0  9995
2 42738  39.7290 246.0173 0759039 269.3809 274.5986  1.00285452  5664
1 42738U 17028A   25338.59844852 -.00000153  00000-0  00000+0 0  9997
2 42738  39.7274 246.0027 0758839 269.3925 275.2021  1.00285177  5673
1 42738U 17028A   25338.59844853 -.00000153  00000-0  00000-0 0  9999
2 42738  39.7274 246.0027 0758839 269.3925 275.2021  1.00285177  5673
1 42738U 17028A   25339.59724921 -.00000157  00000-0  00000-0 0  9997
2 42738  39.7259 245.9880 0758752 269.4031 275.8025  1.00284944  5686
1 42738U 17028A   25340.59584410 -.00000166  00000-0  00000-0 0  9996
2 42738  39.7243 245.9734 0758589 269.4135 276.3271  1.00284682  5699
1 42738U 17028A   25341.59457547 -.00000176  00000-0  00000-0 0  9998
2 42738  39.7227 245.9588 0758427 269.4237 276.9001  1.00284420  5701
1 42738U 17028A   25342.59836192 -.00000186  00000-0  00000+0 0  9996
2 42738  39.7211 245.9442 0758218 269.4343 279.2962  1.00284144  5715
1 42738U 17028A   25342.59836193 -.00000186  00000-0  00000-0 0  9998
2 42738  39.7211 245.9442 0758218 269.4343 279.2962  1.00284144  5715
1 42738U 17028A   25343.21815580 -.00000191  00000-0  00000+0 0  9990
2 42738  39.7200 245.9352 0758111 269.4397 143.0606  1.00283977  5721
1 42738U 17028A   25343.21815580 -.00000191  00000-0  00000-0 0  9991
2 42738  39.7200 245.9352 0758111 269.4397 143.0606  1.00283977  5721
1 42738U 17028A   25343.59197377 -.00000194  00000-0  00000+0 0  9991
2 42738  39.7194 245.9297 0758046 269.4439 278.0192  1.00283879  5725
1 42738U 17028A   25343.59197378 -.00000194  00000-0  00000-0 0  9993
2 42738  39.7194 245.9297 0758047 269.4439 278.0192  1.00283879  5726
1 42738U 17028A   25344.59062470 -.00000197  00000-0  00000+0 0  9990
2 42738  39.7178 245.9150 0757872 269.4546 278.5596  1.00283617  5734
1 42738U 17028A   25344.59062470 -.00000197  00000-0  00000-0 0  9991
2 42738  39.7178 245.9150 0757872 269.4546 278.5596  1.00283617  5734
1 42738U 17028A   25345.58936832 -.00000196  00000-0  00000-0 0  9992
2 42738  39.7161 245.9005 0757751 269.4633 279.1342  1.00283351  5740
1 42738U 17028A   25346.57905626 -.00000190  00000-0  00000-0 0  9993
2 42738  39.7145 245.8860 0757588 269.4736 276.4370  1.00283091  5755
1 42738U 17028A   25347.56831139 -.00000181  00000-0  00000-0 0  9990
2 42738  39.7128 245.8714 0757409 269.4842 273.5820  1.00282830  5763
1 42738U 17028A   25348.58547528 -.00000169  00000-0  00000-0 0  9995
2 42738  39.7111 245.8564 0757226 269.4953 280.8017  1.00282560  5778
1 42738U 17028A   25349.58416765 -.00000157  00000-0  00000-0 0  9991
2 42738  39.7095 245.8416 0757053 269.5062 281.3517  1.00282297  5784
1 42738U 17028A   25350.58285543 -.00000146  00000-0  00000-0 0  9999
2 42738  39.7078 245.8268 0756885 269.5176 281.8987  1.00282034  5794
1 42738U 17028A   25351.58155575 -.00000135  00000-0  00000-0 0  9999
2 42738  39.7061 245.8118 0756765 269.5280 282.4506  1.00281777  5802
1 42738U 17028A   25352.58021477 -.00000125  00000-0  00000-0 0  9992
2 42738  39.7045 245.7969 0756604 269.5406 282.9842  1.00281517  5810
1 42738U 17028A   25355.53073514 -.00000106  00000-0  00000+0 0  9997
2 42738  39.6996 245.7532 0756144 269.5788 268.1676  1.00280763  5848
1 42738U 17028A   25355.53073514 -.00000106  00000-0  00000-0 0  9998
2 42738  39.6996 245.7532 0756144 269.5788 268.1676  1.00280763  5848
1 42738U 17028A   25361.00092752 -.00000107  00000-0  00000+0 0  9992
2 42738  39.6906 245.6727 0755278 269.6462  82.9727  1.00279328  5902
1 42738U 17028A   25361.00092753 -.00000107  00000-0  00000-0 0  9994
2 42738  39.6906 245.6727 0755278 269.6462  82.9727  1.00279328  5902
1 42738U 17028A   25363.51910315 -.00000101  00000-0  00000+0 0  9998
2 42738  39.6867 245.6357 0754902 269.6756 272.0581  1.00278652  5927
1 42738U 17028A   25363.51910315 -.00000101  00000-0  00000-0 0  9999
2 42738  39.6867 245.6357 0754902 269.6756 272.0581  1.00278652  5927
